gin = .4344;
rmp = -50;
Vth = -40;

gmax = [300 2000 0 0 0 0 gin 100];
